1977
10 110


1978
10 100


1979
10 100


1980
10 110


1981
11 140


1982
10 110


1983
8 64


1984
8 64


1985
8 64


1986
8 64


Pure Strength 1987
10 30


1988
8 64


1989
8 64


1990
8 64


1991
8 64


1992
8 80


1993
8 64


1994
8 64 4 16


1995
8 80 4 16


1996
8 64 4 24


1997
8 80 4 24 U.S group (12 120)


1998
8 80 4 16


1999
7 70 6 36


2000
7 70 6 36


2001
7 70 6 36


2002
7 70 6 36


2003
7 70 6 36


2004
8 48 11 66


WSM 2005
7 70 6 30


IFSA 2005
8 128


WSM 2006
7 70 6 30


IFSA 2006
8 96


WSM 2007
7 70 6 30


IFSA 2007
6 72 5 20


2008
7 70 6 36


2009
7 70 6 36


2010
6 60 6 36


2011
6 60 6 36


2012
6 60 6 36


2013
6 60 6 36


2014
6 72 6 36


2015
6 60 6 42


2016
6 60 6 42


2017
6 60 6 30


2018
6 60 6 30


2019
5 50 5 20


2020
6 60 5 20


2021
6 60 6 25

2022
6 60 6 30